INDIA GARDEN RESTAURANT
70
80.00
80.00
80.00
75.32
74.15
74.65
77.35
72.98
KABUKI JAPANESE STEAK HOUSE
50
80.00
50.00
50.00
58.74
59.45
58.27
59.41
60.83
ARBY'S ROASTBEEF RESTAURANT
60
80.00
50.00
50.00
58.80
59.49
58.37
59.44
60.73
BLACKSBURG FARMERS MARKET
90
80.00
50.00
50.00
58.99
59.75
58.83
59.59
62.31
ABBY'S RESTAURANT & BAR
70
80.00
53.33
50.00
59.40
60.27
59.13
60.36
62.51
CAROL LEE DONUTS
100
96.67
87.27
83.33
94.55
89.44
95.48
91.12
75.11
PANERA BREAD
70
94.29
87.27
83.33
94.50
89.36
95.39
90.69
75.04
GILLIE'S CUISINE
80
82.11
81.67
77.33
88.65
84.62
90.39
84.13
75.30
RED ROBIN GOURMET BURGERS
70
82.11
81.67
77.33
88.32
84.27
89.73
83.90
75.11
POOR BILLY'S SEAFOOD RESTAURANT
60
78.18
78.46
71.11
86.51
82.64
87.36
80.71
73.92
THE CELLAR RESTAURANT
70
75.33
78.42
72.31
77.37
75.91
80.69
76.67
71.94
FIREHOUSE PIZZA
60
75.33
78.42
72.31
77.06
75.60
80.09
76.47
71.57
EL GUADALUPES
80
76.13
78.42
72.31
81.79
79.71
83.09
78.57
72.80
PRESTON'S
50
76.13
78.42
72.31
81.78
79.67
83.08
78.56
72.76
JIMMY JOHNS GOURMET SANDWICHES
70
75.62
77.95
71.85
80.85
78.87
81.52
77.78
72.50
AU BON PAIN
80
76.00
78.05
72.14
80.81
78.91
81.49
77.90
72.77
BOUDREAUX'S RESTAURANT
60
74.21
75.22
72.14
80.03
78.12
80.96
76.78
72.20
OUR DAILY BREAD CAFE AND BAKERY
80
74.21
76.08
72.14
80.03
78.15
80.97
76.93
72.44
SHARKEY'S
60
74.76
74.14
71.76
79.20
77.41
79.51
76.13
71.83
FIREHOUSE SUBS
80
74.76
74.14
71.76
79.20
77.42
79.51
76.13
71.95
ROMA'S PIZZA
80
75.35
74.14
71.76
82.16
80.10
81.85
77.56
73.33
SAL'S ITALIAN RESTAURANT & PIZZERIA
70
75.35
74.24
71.76
82.13
79.98
81.78
77.54
73.22
HOKIE HOUSE
60
75.35
74.24
71.76
82.02
79.71
81.57
77.44
72.99
CHAMPS SPORTS BAR & CAFE
70
75.35
75.08
71.76
81.49
79.45
81.03
77.36
72.17
BUD FOSTER'S RESTAURANT
70
74.67
74.55
70.00
80.50
78.56
79.44
76.28
71.79
KOBE JAPANESE EXPRESS
80
74.47
74.20
73.66
79.57
77.68
78.08
76.28
71.48
MILL MOUNTAIN COFFEE & TEA
70
73.88
73.52
73.33
79.48
77.59
78.00
75.97
71.80
DOUBLE DRAGON
50
73.88
73.52
73.49
79.41
77.51
77.88
75.95
71.64
ATTITUDES BAR & CAFE
70
73.88
73.52
73.49
79.41
77.51
77.87
75.95
71.68
EXCELLENT TABLE
80
73.88
73.61
73.49
79.40
77.51
77.87
75.96
71.67
CERITANO'S RISTORANTE
70
74.51
73.33
72.89
79.49
77.60
77.91
75.96
71.91
CINCO DE MAYO
40
74.51
73.33
72.89
79.45
77.52
77.89
75.93
71.76
NEXT DOOR BAKE SHOP
90
75.93
75.00
74.58
80.18
78.13
78.45
77.04
72.10
CICI'S PIZZA
50
75.93
75.00
74.58
80.16
78.05
78.40
77.02
71.89
ZEPPOLI'S
70
75.25
74.19
73.70
80.10
78.05
78.42
76.62
72.05
BOOKBINDER'S GRILL
70
75.25
74.19
74.18
80.11
78.06
78.43
76.70
72.12
PK'S RESTAURANT & BAR
60
75.67
73.64
74.18
80.27
78.32
78.62
76.78
72.44
BOLLO'S CAFE & BAKERY
70
74.49
73.79
73.93
78.64
77.11
77.51
75.91
72.23
HOKKAIDO BUFFET
70
74.13
74.34
73.23
78.91
77.42
78.03
76.01
72.51
SUB STATION II
80
74.21
74.39
73.33
78.91
77.44
78.04
76.05
72.55
AWFUL ARTHUR'S SEAFOOD CO
50
73.51
73.45
71.69
78.75
77.17
77.88
75.41
72.18
MAMMA CONCETTA
50
73.51
73.61
71.69
78.76
77.17
77.88
75.44
72.17
CAFE DE BANGKOK
50
73.51
72.74
71.69
78.64
77.00
77.75
75.22
71.84
GREEN'S GRILL & SUSHI BAR
70
73.51
72.32
70.91
78.64
76.97
77.73
75.01
71.80
THE RIVERMILL
80
74.76
73.08
71.83
78.72
77.09
77.78
75.54
72.19
BACKSTREETS RESTAURANT
60
74.59
72.63
71.83
78.53
76.85
77.67
75.35
72.08
SOUVLAKI
80
74.38
72.43
71.51
77.38
76.10
76.89
74.78
72.35
EATS NATURAL FOODS
90
74.51
72.54
71.62
77.38
76.11
76.90
74.84
72.37
SAKE HOUSE
70
74.35
71.68
71.47
77.37
76.09
76.89
74.64
72.49
BEIJING BUFFET
60
73.98
71.47
71.05
76.85
75.60
76.02
74.16
72.16
EL GRAN RODEO
80
73.98
71.47
71.05
76.85
75.61
76.03
74.16
72.21
KROGER
80
74.85
71.87
72.50
78.23
76.80
78.07
75.38
72.75
CHINESE KITCHEN
90
75.40
72.28
73.17
78.67
77.33
78.72
75.93
73.24
CHINA INN RESTAURANT
80
75.45
72.42
73.25
78.68
77.36
78.74
75.98
73.29
POOR BILLY'S SUSHI RESTAURANT
30
75.45
72.42
73.25
78.68
77.36
78.74
75.98
73.28
OUTBACK STEAKHOUSE
70
75.45
72.42
73.25
78.68
77.36
78.74
75.98
73.26
THE GOBBLER RESTAURANT & PUB
70
75.49
72.47
73.25
78.68
77.34
78.73
75.99
73.30
622 NORTH
80
75.58
72.21
73.41
78.67
77.32
78.72
75.99
73.29
MIKE'S GRILL
70
75.33
72.07
73.02
78.24
76.91
78.02
75.60
73.05
LONDON UNDERGROUND PUB LTD
70
75.33
72.07
73.02
78.19
76.82
77.96
75.56
72.87
FIVE GUYS BURGER AND FRIES
80
75.41
72.16
72.95
78.19
76.82
77.95
75.58
72.86
O'CHARLEY'S
50
75.41
72.16
72.95
78.16
76.76
77.91
75.56
72.69
WALMART
50
75.41
72.09
72.81
78.16
76.74
77.90
75.52
72.61
RED LOBSTER
70
75.41
72.09
72.81
78.14
76.71
77.88
75.51
72.47
THE FARMHOUSE
40
74.95
71.05
72.81
78.07
76.58
77.83
75.22
72.27
EL RODEO
60
73.28
69.12
71.06
76.66
75.33
76.40
73.64
71.72
TEXAS ROADHOUSE
80
73.28
69.18
71.06
76.67
75.35
76.42
73.66
71.81
SHE-SHA
80
73.28
69.18
71.06
76.67
75.36
76.42
73.66
71.83
FAZOLI'S
70
73.28
69.18
71.06
76.67
75.36
76.42
73.66
71.82
APPLEBEE'S NEIGHBORHOOD GRILL & BAR
30
73.28
69.03
71.06
76.64
75.29
76.38
73.61
71.63
BUFFALO WILD WINGS GRILL & BAR
70
73.71
69.15
71.13
76.63
75.27
76.31
73.70
71.62
RIVER MILL
80
73.81
69.20
71.22
76.66
75.31
76.34
73.76
71.68
CLAY CORNER INN
60
73.54
69.05
70.91
76.64
75.29
76.34
73.63
71.67
LEFTY'S MAIN STREET GRILLE
70
73.64
69.11
70.91
76.66
75.33
76.35
73.67
71.80
JOE'S DINER
70
73.85
69.11
70.91
76.65
75.31
76.34
73.70
71.78
PITA VERA
70
73.85
68.99
70.91
76.66
75.32
76.35
73.68
71.83
SUB SHACK
70
73.89
68.99
70.91
76.66
75.32
76.35
73.69
71.84
FOOD LION
60
73.94
68.90
70.91
76.65
75.31
76.34
73.68
71.77
TOP OF THE STAIRS
50
73.83
68.90
69.90
76.21
74.94
76.16
73.32
71.39
CINCO DE MAYO RESTURANT
60
73.83
68.90
69.90
76.22
74.93
76.15
73.32
71.33
O-PASS TEA & CREPE
80
73.93
69.00
69.90
76.23
74.95
76.16
73.36
71.36
CABO FISH TACO
70
74.11
69.27
69.90
76.41
75.13
76.37
73.53
71.65
CUSTOM MEATS
100
74.29
69.27
69.90
76.43
75.18
76.39
73.58
71.76
GUMBY'S PIZZA
70
74.29
68.98
70.19
74.08
73.29
74.75
72.60
71.38
EL MARIACHI
80
74.50
69.34
70.75
74.11
73.34
74.79
72.81
71.43
THE CHOCOLATE SPIKE
70
74.50
69.48
70.75
74.11
73.34
74.79
72.83
71.43
HUNAN KING CHINESE RESTAURANT
60
74.50
69.36
70.75
74.11
73.33
74.78
72.80
71.33
MACADO'S
60
73.89
68.79
69.56
72.22
71.74
72.97
71.53
70.82
VINCENTS RISTORANTE
50
73.54
68.58
69.12
72.17
71.67
72.90
71.33
70.77
CHU-CHO'S MEXICAN
40
73.58
68.48
68.70
72.16
71.65
72.88
71.24
70.70
OGE-CHI RESTUARANT AND LOUNGE
50
73.58
68.48
68.28
72.18
71.66
72.89
71.18
70.72
SUSHI FACTORY
80
73.58
68.57
68.28
72.18
71.68
72.89
71.20
70.74
BLACKSTONE GRILL
70
73.62
68.62
68.28
72.18
71.68
72.90
71.21
70.75
BOSTON BEANERY
60
73.62
68.58
68.28
71.75
71.35
72.57
71.03
70.65
VINTAGE CELLAR
90
74.11
70.23
69.08
72.01
71.65
72.84
71.65
71.03
EASY CHAIR COFFEE SHOP
80
74.18
70.27
69.08
72.02
71.68
72.86
71.68
71.07
TATAKI
90
74.18
70.27
69.08
72.03
71.70
72.87
71.69
71.14
IHOP
30
74.18
70.27
69.08
71.91
71.55
72.65
71.61
70.90
MCDONALD'S
60
74.18
70.27
69.08
71.91
71.56
72.65
71.61
70.93
SYCAMORE DELI
80
74.37
70.41
69.17
72.24
71.87
72.92
71.83
71.18
BULL AND BONES BREWHAUS AND GRILL
70
74.17
70.36
69.11
72.37
71.96
73.03
71.83
71.21
BIG AL'S GRILLE & SPORTS BAR
90
74.17
70.36
69.11
72.56
72.13
73.33
71.94
71.30
YOGI FACTORY
100
74.17
70.57
69.11
72.58
72.16
73.35
71.99
71.38
LOG CABIN BBQ
60
74.17
70.67
69.11
72.56
72.13
73.33
72.00
71.30
HARDEE'S
70
74.17
70.67
69.11
72.57
72.15
73.34
72.00
71.35
MOE'S SOUTHWEST GRILL
50
74.17
70.14
69.11
72.57
72.13
73.34
71.91
71.33
